Date,NewConfirmed,NewRecovered,NewHospitalized,NewDeaths,Confirmed,Recovered,Hospitalized,Deaths
01/01/2020,0,0,0,0,0,0,0,0
01/02/2020,0,0,0,0,0,0,0,0
01/03/2020,0,0,0,0,0,0,0,0
01/04/2020,0,0,0,0,0,0,0,0
01/05/2020,0,0,0,0,0,0,0,0
01/06/2020,0,0,0,0,0,0,0,0
01/07/2020,0,0,0,0,0,0,0,0
01/08/2020,0,0,0,0,0,0,0,0
01/09/2020,0,0,0,0,0,0,0,0
01/10/2020,0,0,0,0,0,0,0,0
01/11/2020,0,0,0,0,0,0,0,0
01/12/2020,1,0,1,0,1,0,1,0
01/13/2020,0,0,0,0,1,0,1,0
01/14/2020,0,0,0,0,1,0,1,0
01/15/2020,0,0,0,0,1,0,1,0
01/16/2020,0,0,0,0,1,0,1,0
01/17/2020,1,0,1,0,2,0,2,0
01/18/2020,0,1,-1,0,2,1,1,0
01/19/2020,0,0,0,0,2,1,1,0
01/20/2020,0,0,0,0,2,1,1,0
01/21/2020,0,1,-1,0,2,2,0,0
01/22/2020,2,0,2,0,4,2,2,0
01/23/2020,0,0,0,0,4,2,2,0
01/24/2020,1,1,0,0,5,3,2,0
01/25/2020,1,0,1,0,6,3,3,0
01/26/2020,2,3,-1,0,8,6,2,0
01/27/2020,0,0,0,0,8,6,2,0
01/28/2020,6,0,6,0,14,6,8,0
01/29/2020,0,0,0,0,14,6,8,0
01/30/2020,0,1,-1,0,14,7,7,0
01/31/2020,5,1,4,0,19,8,11,0
02/01/2020,0,0,0,0,19,8,11,0
02/02/2020,0,1,-1,0,19,9,10,0
02/03/2020,0,0,0,0,19,9,10,0
02/04/2020,6,1,5,0,25,10,15,0
02/05/2020,0,0,0,0,25,10,15,0
02/06/2020,0,0,0,0,25,10,15,0
02/07/2020,0,0,0,0,25,10,15,0
02/08/2020,7,0,7,0,32,10,22,0
02/09/2020,0,1,-1,0,32,11,21,0
02/10/2020,0,0,0,0,32,11,21,0
02/11/2020,1,0,1,0,33,11,22,0
02/12/2020,0,0,0,0,33,11,22,0
02/13/2020,0,0,0,0,33,11,22,0
02/14/2020,0,0,0,0,33,11,22,0
02/15/2020,1,2,-1,0,34,13,21,0
02/16/2020,0,2,-2,0,34,15,19,0
02/17/2020,1,0,1,0,35,15,20,0
02/18/2020,0,0,0,0,35,15,20,0
02/19/2020,0,0,0,0,35,15,20,0
02/20/2020,0,2,-2,0,35,17,18,0
02/21/2020,0,2,-2,0,35,19,16,0
02/22/2020,0,1,-1,0,35,20,15,0
02/23/2020,0,1,-1,0,35,21,14,0
02/24/2020,0,0,0,0,35,21,14,0
02/25/2020,2,1,1,0,37,22,15,0
02/26/2020,3,2,1,0,40,24,16,0
02/27/2020,0,0,0,0,40,24,16,0
02/28/2020,1,4,-3,0,41,28,13,0
02/29/2020,1,0,1,0,42,28,14,0
03/01/2020,0,2,-3,1,42,30,11,1
03/02/2020,1,1,0,0,43,31,11,1
03/03/2020,0,0,0,0,43,31,11,1
03/04/2020,0,0,0,0,43,31,11,1
03/05/2020,4,0,4,0,47,31,15,1
03/06/2020,1,0,1,0,48,31,16,1
03/07/2020,2,0,2,0,50,31,18,1
03/08/2020,0,2,-2,0,50,33,16,1
03/09/2020,0,0,0,0,50,33,16,1
03/10/2020,3,0,3,0,53,33,19,1
03/11/2020,6,1,5,0,59,34,24,1
03/12/2020,11,1,10,0,70,35,34,1
03/13/2020,5,0,5,0,75,35,39,1
03/14/2020,7,0,7,0,82,35,46,1
03/15/2020,32,2,30,0,114,37,76,1
03/16/2020,33,1,32,0,147,38,108,1
03/17/2020,30,3,27,0,177,41,135,1
03/18/2020,35,1,34,0,212,42,169,1
03/19/2020,60,0,60,0,272,42,229,1
03/20/2020,50,1,49,0,322,43,278,1
03/21/2020,89,1,88,0,411,44,366,1
03/22/2020,188,1,187,0,599,45,553,1
03/23/2020,122,7,115,0,721,52,668,1
03/24/2020,106,5,98,3,827,57,766,4
03/25/2020,107,13,94,0,934,70,860,4
03/26/2020,111,18,93,0,1045,88,953,4
03/27/2020,91,9,81,1,1136,97,1034,5
03/28/2020,109,3,105,1,1245,100,1139,6
03/29/2020,143,11,131,1,1388,111,1270,7
03/30/2020,136,16,118,2,1524,127,1388,9
03/31/2020,127,215,-89,1,1651,342,1299,10
04/01/2020,120,74,44,2,1771,416,1343,12
04/02/2020,104,89,12,3,1875,505,1355,15
04/03/2020,103,76,23,4,1978,581,1378,19
04/04/2020,89,31,57,1,2067,612,1435,20
04/05/2020,102,62,37,3,2169,674,1472,23
04/06/2020,51,119,-71,3,2220,793,1401,26
04/07/2020,38,31,6,1,2258,824,1407,27
04/08/2020,111,64,44,3,2369,888,1451,30
04/09/2020,54,52,0,2,2423,940,1451,32
04/10/2020,50,73,-24,1,2473,1013,1427,33
04/11/2020,45,122,-79,2,2518,1135,1348,35
04/12/2020,33,83,-53,3,2551,1218,1295,38
04/13/2020,28,70,-44,2,2579,1288,1251,40
04/14/2020,34,117,-84,1,2613,1405,1167,41
04/15/2020,30,92,-64,2,2643,1497,1103,43
04/16/2020,29,96,-70,3,2672,1593,1033,46
04/17/2020,28,96,-69,1,2700,1689,964,47
04/18/2020,33,98,-65,0,2733,1787,899,47
04/19/2020,32,141,-109,0,2765,1928,790,47
04/20/2020,27,71,-44,0,2792,1999,746,47
04/21/2020,19,109,-91,1,2811,2108,655,48
04/22/2020,15,244,-230,1,2826,2352,425,49
04/23/2020,13,78,-66,1,2839,2430,359,50
04/24/2020,15,60,-45,0,2854,2490,314,50
04/25/2020,53,57,-5,1,2907,2547,309,51
04/26/2020,15,47,-32,0,2922,2594,277,51
04/27/2020,9,15,-7,1,2931,2609,270,52
04/28/2020,7,43,-38,2,2938,2652,232,54
04/29/2020,9,13,-4,0,2947,2665,228,54
04/30/2020,7,22,-15,0,2954,2687,213,54
05/01/2020,6,32,-26,0,2960,2719,187,54
05/02/2020,6,13,-7,0,2966,2732,180,54
05/03/2020,3,7,-4,0,2969,2739,176,54
05/04/2020,18,1,17,0,2987,2740,193,54
05/05/2020,1,7,-6,0,2988,2747,187,54
05/06/2020,1,14,-14,1,2989,2761,173,55
05/07/2020,3,11,-8,0,2992,2772,165,55
05/08/2020,8,12,-4,0,3000,2784,161,55
05/09/2020,4,3,0,1,3004,2787,161,56
05/10/2020,5,7,-2,0,3009,2794,159,56
05/11/2020,6,2,4,0,3015,2796,163,56
05/12/2020,2,2,0,0,3017,2798,163,56
05/13/2020,0,46,-46,0,3017,2844,117,56
05/14/2020,1,6,-5,0,3018,2850,112,56
05/15/2020,7,4,3,0,3025,2854,115,56
05/16/2020,0,1,-1,0,3025,2855,114,56
05/17/2020,3,1,2,0,3028,2856,116,56
05/18/2020,3,1,2,0,3031,2857,118,56
05/19/2020,2,0,2,0,3033,2857,120,56
05/20/2020,1,31,-30,0,3034,2888,90,56
05/21/2020,3,9,-6,0,3037,2897,84,56
05/22/2020,0,13,-13,0,3037,2910,71,56
05/23/2020,3,6,-3,0,3040,2916,68,56
05/24/2020,0,5,-5,0,3040,2921,63,56
05/25/2020,2,7,-6,1,3042,2928,57,57
05/26/2020,3,1,2,0,3045,2929,59,57
05/27/2020,9,2,7,0,3054,2931,66,57
05/28/2020,11,14,-3,0,3065,2945,63,57
05/29/2020,11,0,11,0,3076,2945,74,57
05/30/2020,1,16,-15,0,3077,2961,59,57
05/31/2020,4,2,2,0,3081,2963,61,57
06/01/2020,1,2,-1,0,3082,2965,60,57
06/02/2020,1,1,-1,1,3083,2966,59,58
06/03/2020,1,2,-1,0,3084,2968,58,58
06/04/2020,17,0,17,0,3101,2968,75,58
06/05/2020,1,3,-2,0,3102,2971,73,58
06/06/2020,2,0,2,0,3104,2971,75,58
06/07/2020,8,1,7,0,3112,2972,82,58
06/08/2020,7,1,6,0,3119,2973,88,58
06/09/2020,2,0,2,0,3121,2973,90,58
06/10/2020,4,8,-4,0,3125,2981,86,58
06/11/2020,0,6,-6,0,3125,2987,80,58
06/12/2020,4,0,4,0,3129,2987,84,58
06/13/2020,5,0,5,0,3134,2987,89,58
06/14/2020,1,0,1,0,3135,2987,90,58
06/15/2020,0,0,0,0,3135,2987,90,58
06/16/2020,0,6,-6,0,3135,2993,84,58
06/17/2020,0,3,-3,0,3135,2996,81,58
06/18/2020,6,1,5,0,3141,2997,86,58
06/19/2020,5,11,-6,0,3146,3008,80,58
06/20/2020,1,10,-9,0,3147,3018,71,58
06/21/2020,1,0,1,0,3148,3018,72,58
06/22/2020,3,4,-1,0,3151,3022,71,58
06/23/2020,5,1,4,0,3156,3023,75,58
06/24/2020,1,3,-2,0,3157,3026,73,58
06/25/2020,1,12,-11,0,3158,3038,62,58
06/26/2020,4,2,2,0,3162,3040,64,58
06/27/2020,0,13,-13,0,3162,3053,51,58
06/28/2020,0,0,0,0,3162,3053,51,58
06/29/2020,7,0,7,0,3169,3053,58,58
06/30/2020,2,3,-1,0,3171,3056,57,58
07/01/2020,2,3,-1,0,3173,3059,56,58
07/02/2020,6,0,6,0,3179,3059,62,58
07/03/2020,1,7,-6,0,3180,3066,56,58
07/04/2020,5,0,5,0,3185,3066,61,58
07/05/2020,5,5,0,0,3190,3071,61,58
07/06/2020,5,1,4,0,3195,3072,65,58
07/07/2020,0,0,0,0,3195,3072,65,58
07/08/2020,2,2,0,0,3197,3074,65,58
07/09/2020,5,11,-6,0,3202,3085,59,58
07/10/2020,0,2,-2,0,3202,3087,57,58
07/11/2020,14,1,13,0,3216,3088,70,58
07/12/2020,1,0,1,0,3217,3088,71,58
07/13/2020,3,2,1,0,3220,3090,72,58
07/14/2020,7,1,6,0,3227,3091,78,58
07/15/2020,5,1,4,0,3232,3092,82,58
07/16/2020,4,3,1,0,3236,3095,83,58
07/17/2020,3,1,2,0,3239,3096,85,58
07/18/2020,7,0,7,0,3246,3096,92,58
07/19/2020,3,0,3,0,3249,3096,95,58
07/20/2020,1,0,1,0,3250,3096,96,58
07/21/2020,5,9,-4,0,3255,3105,92,58
07/22/2020,6,0,6,0,3261,3105,98,58
07/23/2020,8,0,8,0,3269,3105,106,58
07/24/2020,10,2,8,0,3279,3107,114,58
07/25/2020,3,2,1,0,3282,3109,115,58
07/26/2020,9,0,9,0,3291,3109,124,58
07/27/2020,4,2,2,0,3295,3111,126,58
07/28/2020,2,0,2,0,3297,3111,128,58
07/29/2020,1,0,1,0,3298,3111,129,58
07/30/2020,6,0,6,0,3304,3111,135,58
07/31/2020,6,14,-8,0,3310,3125,127,58
08/01/2020,2,10,-8,0,3312,3135,119,58
08/02/2020,5,7,-2,0,3317,3142,117,58
08/03/2020,3,0,3,0,3320,3142,120,58
08/04/2020,1,0,1,0,3321,3142,121,58
08/05/2020,7,2,5,0,3328,3144,126,58
08/06/2020,2,4,-2,0,3330,3148,124,58
08/07/2020,15,0,15,0,3345,3148,139,58
08/08/2020,3,2,1,0,3348,3150,140,58
08/09/2020,3,1,2,0,3351,3151,142,58
08/10/2020,0,9,-9,0,3351,3160,133,58
08/11/2020,0,3,-3,0,3351,3163,130,58
08/12/2020,5,6,-1,0,3356,3169,129,58
08/13/2020,3,0,3,0,3359,3169,132,58
08/14/2020,17,4,13,0,3376,3173,145,58
08/15/2020,0,20,-20,0,3376,3193,125,58
08/16/2020,1,1,0,0,3377,3194,125,58
08/17/2020,1,0,1,0,3378,3194,126,58
08/18/2020,3,4,-1,0,3381,3198,125,58
08/19/2020,1,1,0,0,3382,3199,125,58
08/20/2020,7,19,-12,0,3389,3218,113,58
08/21/2020,1,1,0,0,3390,3219,113,58
08/22/2020,0,1,-1,0,3390,3220,112,58
08/23/2020,5,1,4,0,3395,3221,116,58
08/24/2020,2,1,1,0,3397,3222,117,58
08/25/2020,5,7,-2,0,3402,3229,115,58
08/26/2020,1,8,-7,0,3403,3237,108,58
08/27/2020,1,0,1,0,3404,3237,109,58
08/28/2020,6,0,6,0,3410,3237,115,58
08/29/2020,1,5,-4,0,3411,3242,111,58
08/30/2020,0,10,-10,0,3411,3252,101,58
08/31/2020,1,0,1,0,3412,3252,102,58
09/01/2020,5,22,-17,0,3417,3274,85,58
09/02/2020,8,0,8,0,3425,3274,93,58
09/03/2020,2,3,-1,0,3427,3277,92,58
09/04/2020,4,0,4,0,3431,3277,96,58
09/05/2020,7,2,5,0,3438,3279,101,58
09/06/2020,6,2,4,0,3444,3281,105,58
09/07/2020,1,0,1,0,3445,3281,106,58
09/08/2020,1,3,-2,0,3446,3284,104,58
09/09/2020,1,2,-1,0,3447,3286,103,58
09/10/2020,7,24,-17,0,3454,3310,86,58
09/11/2020,7,2,5,0,3461,3312,91,58
09/12/2020,5,0,5,0,3466,3312,96,58
09/13/2020,7,0,7,0,3473,3312,103,58
09/14/2020,2,0,2,0,3475,3312,105,58
09/15/2020,5,3,2,0,3480,3315,107,58
09/16/2020,10,1,9,0,3490,3316,116,58
09/17/2020,0,9,-9,0,3490,3325,107,58
09/18/2020,7,3,4,0,3497,3328,111,58
09/19/2020,3,10,-8,1,3500,3338,103,59
09/20/2020,6,4,2,0,3506,3342,105,59
09/22/2020,5,1,4,0,3511,3343,109,59
09/23/2020,3,2,1,0,3514,3345,110,59
09/24/2020,2,8,-6,0,3516,3353,104,59
09/25/2020,3,7,-4,0,3519,3360,100,59
09/26/2020,3,2,1,0,3522,3362,101,59
09/27/2020,1,5,-4,0,3523,3367,97,59
09/28/2020,22,2,20,0,3545,3369,117,59
09/29/2020,14,1,13,0,3559,3370,130,59
09/30/2020,5,4,1,0,3564,3374,131,59
10/01/2020,5,5,0,0,3569,3379,131,59
10/02/2020,6,5,1,0,3575,3384,132,59
10/03/2020,8,2,6,0,3583,3386,138,59
10/04/2020,2,2,0,0,3585,3388,138,59
10/05/2020,5,2,3,0,3590,3390,141,59
10/06/2020,10,0,10,0,3600,3390,151,59
10/07/2020,15,1,14,0,3615,3391,165,59
10/08/2020,7,48,-41,0,3622,3439,124,59
10/09/2020,6,2,4,0,3628,3441,128,59
10/10/2020,6,4,2,0,3634,3445,130,59
10/11/2020,2,0,2,0,3636,3445,132,59
10/12/2020,5,9,-4,0,3641,3454,128,59
10/13/2020,2,3,-1,0,3643,3457,127,59
10/14/2020,9,0,9,0,3652,3457,136,59
10/15/2020,13,6,7,0,3665,3463,143,59
10/17/2020,10,11,-1,0,3675,3474,142,59
10/16/2020,4,4,0,0,3679,3478,142,59
10/18/2020,7,3,4,0,3686,3481,146,59
10/19/2020,5,7,-2,0,3691,3488,144,59
10/20/2020,9,3,6,0,3700,3491,150,59
10/21/2020,9,4,5,0,3709,3495,155,59
10/22/2020,10,19,-9,0,3719,3514,146,59
10/23/2020,8,4,4,0,3727,3518,150,59
10/24/2020,4,11,-7,0,3731,3529,143,59
10/25/2020,5,1,4,0,3736,3530,147,59
10/26/2020,7,13,-6,0,3743,3543,141,59
10/27/2020,3,8,-5,0,3746,3551,136,59
10/28/2020,13,10,3,0,3759,3561,139,59
10/29/2020,4,9,-5,0,3763,3570,134,59
10/30/2020,12,15,-3,0,3775,3585,131,59
10/31/2020,5,5,0,0,3780,3590,131,59
11/01/2020,4,2,2,0,3784,3592,133,59
11/02/2020,3,3,0,0,3787,3595,133,59
11/03/2020,10,10,0,0,3797,3605,133,59
11/04/2020,7,7,0,0,3804,3612,133,59
11/05/2020,6,11,-5,0,3810,3623,128,59
11/06/2020,8,16,-9,1,3818,3639,119,60
11/07/2020,12,5,7,0,3830,3644,126,60
11/08/2020,7,10,-3,0,3837,3654,123,60
11/09/2020,3,7,-4,0,3840,3661,119,60
11/10/2020,4,9,-5,0,3844,3670,114,60
11/11/2020,3,15,-12,0,3847,3685,102,60
11/12/2020,5,8,-3,0,3852,3693,99,60
11/13/2020,9,4,5,0,3861,3697,104,60
11/14/2020,5,10,-5,0,3866,3707,99,60
11/15/2020,8,8,0,0,3874,3715,99,60
11/16/2020,1,6,-5,0,3875,3721,94,60
11/17/2020,3,3,0,0,3878,3724,94,60
11/18/2020,2,5,-3,0,3880,3729,91,60
11/19/2020,8,13,-5,0,3888,3742,86,60
11/20/2020,4,3,1,0,3892,3745,87,60
11/23/2020,7,5,2,0,3899,3750,89,60
11/22/2020,11,5,6,0,3910,3755,95,60
11/21/2020,10,11,-1,0,3920,3766,94,60
11/24/2020,2,6,-4,0,3922,3772,90,60
11/25/2020,4,8,-4,0,3926,3780,86,60
11/26/2020,16,8,8,0,3942,3788,94,60
11/27/2020,19,2,17,0,3961,3790,111,60
11/28/2020,5,8,-3,0,3966,3798,108,60
11/29/2020,11,2,9,0,3977,3800,117,60
11/30/2020,21,3,18,0,3998,3803,135,60
12/01/2020,10,8,2,0,4008,3811,137,60
12/02/2020,18,11,7,0,4026,3822,144,60
12/03/2020,13,10,3,0,4039,3832,147,60
12/04/2020,14,7,7,0,4053,3839,154,60
12/05/2020,19,9,10,0,4072,3848,164,60
12/06/2020,14,5,9,0,4086,3853,173,60
12/07/2020,21,15,6,0,4107,3868,179,60
12/08/2020,19,6,13,0,4126,3874,192,60
12/09/2020,25,6,19,0,4151,3880,211,60
12/10/2020,18,8,10,0,4169,3888,221,60
12/11/2020,11,15,-4,0,4180,3903,217,60
12/12/2020,12,12,0,0,4192,3915,217,60
12/13/2020,17,8,9,0,4209,3923,226,60
12/14/2020,28,17,11,0,4237,3940,237,60
12/15/2020,9,9,0,0,4246,3949,237,60
12/16/2020,15,28,-13,0,4261,3977,224,60
12/17/2020,20,12,8,0,4281,3989,232,60
12/18/2020,16,16,0,0,4297,4005,232,60
12/19/2020,34,19,15,0,4331,4024,247,60
12/20/2020,576,17,559,0,4907,4041,806,60
12/21/2020,382,12,370,0,5289,4053,1176,60
12/22/2020,427,25,402,0,5716,4078,1578,60
12/23/2020,46,17,29,0,5762,4095,1607,60
12/24/2020,67,21,46,0,5829,4116,1653,60
12/25/2020,81,21,60,0,5910,4137,1713,60
12/26/2020,110,15,95,0,6020,4152,1808,60
12/27/2020,121,9,112,0,6141,4161,1920,60
12/28/2020,144,19,125,0,6285,4180,2045,60
12/29/2020,155,4,150,1,6440,4184,2195,61
12/30/2020,250,28,222,0,6690,4212,2417,61
12/31/2020,194,28,166,0,6884,4240,2583,61
01/01/2021,279,33,244,2,7163,4273,2827,63
01/02/2021,216,26,189,1,7379,4299,3016,64
01/03/2021,315,38,277,0,7694,4337,3293,64
01/04/2021,745,15,729,1,8439,4352,4022,65
01/05/2021,527,45,482,0,8966,4397,4504,65
01/06/2021,365,21,343,1,9331,4418,4847,66
01/07/2021,305,103,201,1,9636,4521,5048,67
01/08/2021,205,734,-529,0,9841,5255,4519,67
01/09/2021,212,291,-79,0,10053,5546,4440,67
01/10/2021,245,882,-637,0,10298,6428,3803,67
